    cSp mSp cAr mAr borrados_cSp borrados_mSp  borrados_cAr  borrados_mAr nSp nCells nReplicas SpEnArea nRate distribRichness nBorrados
1    23   4 100   1           23            4           100             1  25    100       100        1 0.001             fix         5
2    23   4 100   1           23            4           100             1  25    100       100        1 0.001             fix         5
3    23   4 100   1           23            4           100             1  25    100       100        1 0.001             fix         5
4    23   4 100   1            0            0             0             0  25    100       100        1 0.001             fix         5
5    23   4 100   1            0            0             0             0  25    100       100        1 0.001             fix         5
6    24   4 100   1            0            0             0             0  25    100       100        1 0.001             fix         5
7    24   4 100   1           24            4           100             1  25    100       100        1 0.001             fix         5
8    24   4 100   1           24            4           100             1  25    100       100        1 0.001             fix         5
9    24   4 100   1            0            0             0             0  25    100       100        1 0.001             fix         5
10   24   4 100   1            0            0             0             0  25    100       100        1 0.001             fix         5
11   23   4 100   1            0            0             0             0  25    100       100        1 0.001             fix         5
12   23   4 100   1            0            0             0             0  25    100       100        1 0.001             fix         5
13   23   4 100   1            0            0             0             0  25    100       100        1 0.001             fix         5
14   23   4 100   1            0            0             0             0  25    100       100        1 0.001             fix         5
15   23   4 100   1            0            0             0             0  25    100       100        1 0.001             fix         5
16   25   4 100   1            0            0             0             0  25    100       100        1 0.001             fix         5
17   25   4 100   1            0            0             0             0  25    100       100        1 0.001             fix         5
18   25   4 100   1            0            0             0             0  25    100       100        1 0.001             fix         5
19   25   4 100   1            0            0             0             0  25    100       100        1 0.001             fix         5
20   25   4 100   1           25            4           100             1  25    100       100        1 0.001             fix         5
21   24   4 100   1           24            4           100             1  25    100       100        1 0.001             fix         5
22   24   4 100   1           24            4           100             1  25    100       100        1 0.001             fix         5
23   24   4 100   1           24            4           100             1  25    100       100        1 0.001             fix         5
24   24   4 100   1            0            0             0             0  25    100       100        1 0.001             fix         5
25   24   4 100   1           24            4           100             1  25    100       100        1 0.001             fix         5
26   22   4 100   1           22            4           100             1  25    100       100        1 0.001             fix         5
27   22   4 100   1           22            4           100             1  25    100       100        1 0.001             fix         5
28   22   4 100   1            0            0             0             0  25    100       100        1 0.001             fix         5
29   22   4 100   1            0            0             0             0  25    100       100        1 0.001             fix         5
30   22   4 100   1           22            4           100             1  25    100       100        1 0.001             fix         5
31   25   4 100   1           25            4           100             1  25    100       100        1 0.001             fix         5
32   25   4 100   1            0            0             0             0  25    100       100        1 0.001             fix         5
33   25   4 100   1            0            0             0             0  25    100       100        1 0.001             fix         5
34   25   4 100   1           25            4           100             1  25    100       100        1 0.001             fix         5
35   25   4 100   1           25            4           100             1  25    100       100        1 0.001             fix         5
36   24   4 100   1            0            0             0             0  25    100       100        1 0.001             fix         5
37   24   4 100   1            0            0             0             0  25    100       100        1 0.001             fix         5
38   24   4 100   1            0            0             0             0  25    100       100        1 0.001             fix         5
39   24   4 100   1            0            0             0             0  25    100       100        1 0.001             fix         5
40   24   4 100   1           24            4           100             1  25    100       100        1 0.001             fix         5
41   24   4 100   1           24            4           100             1  25    100       100        1 0.001             fix         5
42   24   4 100   1            0            0             0             0  25    100       100        1 0.001             fix         5
43   24   4 100   1           24            4           100             1  25    100       100        1 0.001             fix         5
44   24   4 100   1           24            4           100             1  25    100       100        1 0.001             fix         5
45   24   4 100   1            0            0             0             0  25    100       100        1 0.001             fix         5
46   25   4 100   1            0            0             0             0  25    100       100        1 0.001             fix         5
47   25   4 100   1            0            0             0             0  25    100       100        1 0.001             fix         5
48   25   4 100   1           25            4           100             1  25    100       100        1 0.001             fix         5
49   25   4 100   1            0            0             0             0  25    100       100        1 0.001             fix         5
50   25   4 100   1            0            0             0             0  25    100       100        1 0.001             fix         5
51   23   4 100   1            0            0             0             0  25    100       100        1 0.001             fix         5
52   23   4 100   1            0            0             0             0  25    100       100        1 0.001             fix         5
53   23   4 100   1           23            4           100             1  25    100       100        1 0.001             fix         5
54   23   4 100   1           23            4           100             1  25    100       100        1 0.001             fix         5
55   23   4 100   1            0            0             0             0  25    100       100        1 0.001             fix         5
56   24   4 100   1            0            0             0             0  25    100       100        1 0.001             fix         5
57   24   4 100   1           24            4           100             1  25    100       100        1 0.001             fix         5
58   24   4 100   1           24            4           100             1  25    100       100        1 0.001             fix         5
59   24   4 100   1           24            4           100             1  25    100       100        1 0.001             fix         5
60   24   4 100   1           24            4           100             1  25    100       100        1 0.001             fix         5
61   24   4 100   1           24            4           100             1  25    100       100        1 0.001             fix         5
62   24   4 100   1            0            0             0             0  25    100       100        1 0.001             fix         5
63   24   4 100   1           24            4           100             1  25    100       100        1 0.001             fix         5
64   24   4 100   1           24            4           100             1  25    100       100        1 0.001             fix         5
65   24   4 100   1            0            0             0             0  25    100       100        1 0.001             fix         5
66   24   4 100   1           24            4           100             1  25    100       100        1 0.001             fix         5
67   24   4 100   1            0            0             0             0  25    100       100        1 0.001             fix         5
68   24   4 100   1           24            4           100             1  25    100       100        1 0.001             fix         5
69   24   4 100   1            0            0             0             0  25    100       100        1 0.001             fix         5
70   24   4 100   1           24            4           100             1  25    100       100        1 0.001             fix         5
71   23   4 100   1           23            4           100             1  25    100       100        1 0.001             fix         5
72   23   4 100   1           23            4           100             1  25    100       100        1 0.001             fix         5
73   23   4 100   1            0            0             0             0  25    100       100        1 0.001             fix         5
74   23   4 100   1            0            0             0             0  25    100       100        1 0.001             fix         5
75   23   4 100   1           23            4           100             1  25    100       100        1 0.001             fix         5
76   24   4 100   1            0            0             0             0  25    100       100        1 0.001             fix         5
77   24   4 100   1            0            0             0             0  25    100       100        1 0.001             fix         5
78   24   4 100   1           24            4           100             1  25    100       100        1 0.001             fix         5
79   24   4 100   1            0            0             0             0  25    100       100        1 0.001             fix         5
80   24   4 100   1           24            4           100             1  25    100       100        1 0.001             fix         5
81   25   4 100   1           25            4           100             1  25    100       100        1 0.001             fix         5
82   25   4 100   1           25            4           100             1  25    100       100        1 0.001             fix         5
83   25   4 100   1            0            0             0             0  25    100       100        1 0.001             fix         5
84   25   4 100   1            0            0             0             0  25    100       100        1 0.001             fix         5
85   25   4 100   1            0            0             0             0  25    100       100        1 0.001             fix         5
86   25   4 100   1           25            4           100             1  25    100       100        1 0.001             fix         5
87   25   4 100   1           25            4           100             1  25    100       100        1 0.001             fix         5
88   25   4 100   1           25            4           100             1  25    100       100        1 0.001             fix         5
89   25   4 100   1            0            0             0             0  25    100       100        1 0.001             fix         5
90   25   4 100   1            0            0             0             0  25    100       100        1 0.001             fix         5
91   25   4 100   1            0            0             0             0  25    100       100        1 0.001             fix         5
92   25   4 100   1           25            4           100             1  25    100       100        1 0.001             fix         5
93   25   4 100   1            0            0             0             0  25    100       100        1 0.001             fix         5
94   25   4 100   1           25            4           100             1  25    100       100        1 0.001             fix         5
95   25   4 100   1            0            0             0             0  25    100       100        1 0.001             fix         5
96   24   4 100   1            0            0             0             0  25    100       100        1 0.001             fix         5
97   24   4 100   1           24            4           100             1  25    100       100        1 0.001             fix         5
98   24   4 100   1           24            4           100             1  25    100       100        1 0.001             fix         5
99   24   4 100   1           24            4           100             1  25    100       100        1 0.001             fix         5
100  24   4 100   1            0            0             0             0  25    100       100        1 0.001             fix         5
101  24   4 100   1            0            0             0             0  25    100       100        1 0.001             fix         5
102  24   4 100   1           24            4           100             1  25    100       100        1 0.001             fix         5
103  24   4 100   1            0            0             0             0  25    100       100        1 0.001             fix         5
104  24   4 100   1            0            0             0             0  25    100       100        1 0.001             fix         5
105  24   4 100   1           24            4           100             1  25    100       100        1 0.001             fix         5
106  25   4 100   1           25            4           100             1  25    100       100        1 0.001             fix         5
107  25   4 100   1            0            0             0             0  25    100       100        1 0.001             fix         5
108  25   4 100   1           25            4           100             1  25    100       100        1 0.001             fix         5
109  25   4 100   1           25            4           100             1  25    100       100        1 0.001             fix         5
110  25   4 100   1            0            0             0             0  25    100       100        1 0.001             fix         5
111  25   4 100   1           25            4           100             1  25    100       100        1 0.001             fix         5
112  25   4 100   1            0            0             0             0  25    100       100        1 0.001             fix         5
113  25   4 100   1           25            4           100             1  25    100       100        1 0.001             fix         5
114  25   4 100   1            0            0             0             0  25    100       100        1 0.001             fix         5
115  25   4 100   1           25            4           100             1  25    100       100        1 0.001             fix         5
116  24   4 100   1           24            4           100             1  25    100       100        1 0.001             fix         5
117  24   4 100   1           24            4           100             1  25    100       100        1 0.001             fix         5
118  24   4 100   1           24            4           100             1  25    100       100        1 0.001             fix         5
119  24   4 100   1            0            0             0             0  25    100       100        1 0.001             fix         5
120  24   4 100   1            0            0             0             0  25    100       100        1 0.001             fix         5
121  25   4 100   1            0            0             0             0  25    100       100        1 0.001             fix         5
122  25   4 100   1           25            4           100             1  25    100       100        1 0.001             fix         5
123  25   4 100   1            0            0             0             0  25    100       100        1 0.001             fix         5
124  25   4 100   1           25            4           100             1  25    100       100        1 0.001             fix         5
125  25   4 100   1            0            0             0             0  25    100       100        1 0.001             fix         5
126  24   4 100   1           24            4           100             1  25    100       100        1 0.001             fix         5
127  24   4 100   1           24            4           100             1  25    100       100        1 0.001             fix         5
128  24   4 100   1            0            0             0             0  25    100       100        1 0.001             fix         5
129  24   4 100   1           24            4           100             1  25    100       100        1 0.001             fix         5
130  24   4 100   1           24            4           100             1  25    100       100        1 0.001             fix         5
131  25   4 100   1            0            0             0             0  25    100       100        1 0.001             fix         5
132  25   4 100   1            0            0             0             0  25    100       100        1 0.001             fix         5
133  25   4 100   1            0            0             0             0  25    100       100        1 0.001             fix         5
134  25   4 100   1            0            0             0             0  25    100       100        1 0.001             fix         5
135  25   4 100   1           25            4           100             1  25    100       100        1 0.001             fix         5
136  25   4 100   1            0            0             0             0  25    100       100        1 0.001             fix         5
137  25   4 100   1           25            4           100             1  25    100       100        1 0.001             fix         5
138  25   4 100   1            0            0             0             0  25    100       100        1 0.001             fix         5
139  25   4 100   1           25            4           100             1  25    100       100        1 0.001             fix         5
140  25   4 100   1           25            4           100             1  25    100       100        1 0.001             fix         5
141  24   4 100   1           24            4           100             1  25    100       100        1 0.001             fix         5
142  24   4 100   1            0            0             0             0  25    100       100        1 0.001             fix         5
143  24   4 100   1            0            0             0             0  25    100       100        1 0.001             fix         5
144  24   4 100   1           24            4           100             1  25    100       100        1 0.001             fix         5
145  24   4 100   1            0            0             0             0  25    100       100        1 0.001             fix         5
146  25   4 100   1           25            4           100             1  25    100       100        1 0.001             fix         5
147  25   4 100   1            0            0             0             0  25    100       100        1 0.001             fix         5
148  25   4 100   1            0            0             0             0  25    100       100        1 0.001             fix         5
149  25   4 100   1           25            4           100             1  25    100       100        1 0.001             fix         5
150  25   4 100   1            0            0             0             0  25    100       100        1 0.001             fix         5
151  25   4 100   1            0            0             0             0  25    100       100        1 0.001             fix         5
152  25   4 100   1           25            4           100             1  25    100       100        1 0.001             fix         5
153  25   4 100   1           25            4           100             1  25    100       100        1 0.001             fix         5
154  25   4 100   1           25            4           100             1  25    100       100        1 0.001             fix         5
155  25   4 100   1           25            4           100             1  25    100       100        1 0.001             fix         5
156  24   4 100   1           24            4           100             1  25    100       100        1 0.001             fix         5
157  24   4 100   1           24            4           100             1  25    100       100        1 0.001             fix         5
158  24   4 100   1           24            4           100             1  25    100       100        1 0.001             fix         5
159  24   4 100   1            0            0             0             0  25    100       100        1 0.001             fix         5
160  24   4 100   1            0            0             0             0  25    100       100        1 0.001             fix         5
161  25   4 100   1            0            0             0             0  25    100       100        1 0.001             fix         5
162  25   4 100   1           25            4           100             1  25    100       100        1 0.001             fix         5
163  25   4 100   1            0            0             0             0  25    100       100        1 0.001             fix         5
164  25   4 100   1           25            4           100             1  25    100       100        1 0.001             fix         5
165  25   4 100   1           25            4           100             1  25    100       100        1 0.001             fix         5
166  24   4 100   1           24            4           100             1  25    100       100        1 0.001             fix         5
167  24   4 100   1            0            0             0             0  25    100       100        1 0.001             fix         5
168  24   4 100   1            0            0             0             0  25    100       100        1 0.001             fix         5
169  24   4 100   1            0            0             0             0  25    100       100        1 0.001             fix         5
170  24   4 100   1            0            0             0             0  25    100       100        1 0.001             fix         5
171  25   4 100   1           25            4           100             1  25    100       100        1 0.001             fix         5
172  25   4 100   1            0            0             0             0  25    100       100        1 0.001             fix         5
173  25   4 100   1            0            0             0             0  25    100       100        1 0.001             fix         5
174  25   4 100   1           25            4           100             1  25    100       100        1 0.001             fix         5
175  25   4 100   1           25            4           100             1  25    100       100        1 0.001             fix         5
176  25   4 100   1            0            0             0             0  25    100       100        1 0.001             fix         5
177  25   4 100   1            0            0             0             0  25    100       100        1 0.001             fix         5
178  25   4 100   1            0            0             0             0  25    100       100        1 0.001             fix         5
179  25   4 100   1            0            0             0             0  25    100       100        1 0.001             fix         5
180  25   4 100   1           25            4           100             1  25    100       100        1 0.001             fix         5
181  25   4 100   1           25            4           100             1  25    100       100        1 0.001             fix         5
182  25   4 100   1           25            4           100             1  25    100       100        1 0.001             fix         5
183  25   4 100   1           25            4           100             1  25    100       100        1 0.001             fix         5
184  25   4 100   1           25            4           100             1  25    100       100        1 0.001             fix         5
185  25   4 100   1           25            4           100             1  25    100       100        1 0.001             fix         5
186  25   4 100   1            0            0             0             0  25    100       100        1 0.001             fix         5
187  25   4 100   1           25            4           100             1  25    100       100        1 0.001             fix         5
188  25   4 100   1            0            0             0             0  25    100       100        1 0.001             fix         5
189  25   4 100   1            0            0             0             0  25    100       100        1 0.001             fix         5
190  25   4 100   1           25            4           100             1  25    100       100        1 0.001             fix         5
191  24   4 100   1           24            4           100             1  25    100       100        1 0.001             fix         5
192  24   4 100   1            0            0             0             0  25    100       100        1 0.001             fix         5
193  24   4 100   1           24            4           100             1  25    100       100        1 0.001             fix         5
194  24   4 100   1            0            0             0             0  25    100       100        1 0.001             fix         5
195  24   4 100   1           24            4           100             1  25    100       100        1 0.001             fix         5
196  25   4 100   1           25            4           100             1  25    100       100        1 0.001             fix         5
197  25   4 100   1           25            4           100             1  25    100       100        1 0.001             fix         5
198  25   4 100   1           25            4           100             1  25    100       100        1 0.001             fix         5
199  25   4 100   1            0            0             0             0  25    100       100        1 0.001             fix         5
200  25   4 100   1           25            4           100             1  25    100       100        1 0.001             fix         5
201  25   4 100   1            0            0             0             0  25    100       100        1 0.001             fix         5
202  25   4 100   1            0            0             0             0  25    100       100        1 0.001             fix         5
203  25   4 100   1           25            4           100             1  25    100       100        1 0.001             fix         5
204  25   4 100   1            0            0             0             0  25    100       100        1 0.001             fix         5
205  25   4 100   1            0            0             0             0  25    100       100        1 0.001             fix         5
206  24   4 100   1           24            4           100             1  25    100       100        1 0.001             fix         5
207  24   4 100   1            0            0             0             0  25    100       100        1 0.001             fix         5
208  24   4 100   1            0            0             0             0  25    100       100        1 0.001             fix         5
209  24   4 100   1           24            4           100             1  25    100       100        1 0.001             fix         5
210  24   4 100   1           24            4           100             1  25    100       100        1 0.001             fix         5
211  24   4 100   1           24            4           100             1  25    100       100        1 0.001             fix         5
212  24   4 100   1           24            4           100             1  25    100       100        1 0.001             fix         5
213  24   4 100   1           24            4           100             1  25    100       100        1 0.001             fix         5
214  24   4 100   1            0            0             0             0  25    100       100        1 0.001             fix         5
215  24   4 100   1            0            0             0             0  25    100       100        1 0.001             fix         5
216  23   4 100   1           23            4           100             1  25    100       100        1 0.001             fix         5
217  23   4 100   1            0            0             0             0  25    100       100        1 0.001             fix         5
218  23   4 100   1           23            4           100             1  25    100       100        1 0.001             fix         5
219  23   4 100   1            0            0             0             0  25    100       100        1 0.001             fix         5
220  23   4 100   1            0            0             0             0  25    100       100        1 0.001             fix         5
221  25   4 100   1           25            4           100             1  25    100       100        1 0.001             fix         5
222  25   4 100   1           25            4           100             1  25    100       100        1 0.001             fix         5
223  25   4 100   1            0            0             0             0  25    100       100        1 0.001             fix         5
224  25   4 100   1            0            0             0             0  25    100       100        1 0.001             fix         5
225  25   4 100   1            0            0             0             0  25    100       100        1 0.001             fix         5
226  25   4 100   1            0            0             0             0  25    100       100        1 0.001             fix         5
227  25   4 100   1            0            0             0             0  25    100       100        1 0.001             fix         5
228  25   4 100   1            0            0             0             0  25    100       100        1 0.001             fix         5
229  25   4 100   1           25            4           100             1  25    100       100        1 0.001             fix         5
230  25   4 100   1           25            4           100             1  25    100       100        1 0.001             fix         5
231  25   4 100   1            0            0             0             0  25    100       100        1 0.001             fix         5
232  25   4 100   1            0            0             0             0  25    100       100        1 0.001             fix         5
233  25   4 100   1           25            4           100             1  25    100       100        1 0.001             fix         5
234  25   4 100   1           25            4           100             1  25    100       100        1 0.001             fix         5
235  25   4 100   1            0            0             0             0  25    100       100        1 0.001             fix         5
236  25   4 100   1            0            0             0             0  25    100       100        1 0.001             fix         5
237  25   4 100   1           25            4           100             1  25    100       100        1 0.001             fix         5
238  25   4 100   1            0            0             0             0  25    100       100        1 0.001             fix         5
239  25   4 100   1            0            0             0             0  25    100       100        1 0.001             fix         5
240  25   4 100   1           25            4           100             1  25    100       100        1 0.001             fix         5
241  25   4 100   1            0            0             0             0  25    100       100        1 0.001             fix         5
242  25   4 100   1            0            0             0             0  25    100       100        1 0.001             fix         5
243  25   4 100   1           25            4           100             1  25    100       100        1 0.001             fix         5
244  25   4 100   1           25            4           100             1  25    100       100        1 0.001             fix         5
245  25   4 100   1            0            0             0             0  25    100       100        1 0.001             fix         5
246  24   4 100   1            0            0             0             0  25    100       100        1 0.001             fix         5
247  24   4 100   1           24            4           100             1  25    100       100        1 0.001             fix         5
248  24   4 100   1            0            0             0             0  25    100       100        1 0.001             fix         5
249  24   4 100   1            0            0             0             0  25    100       100        1 0.001             fix         5
250  24   4 100   1            0            0             0             0  25    100       100        1 0.001             fix         5
251  25   4 100   1            0            0             0             0  25    100       100        1 0.001             fix         5
252  25   4 100   1           25            4           100             1  25    100       100        1 0.001             fix         5
253  25   4 100   1           25            4           100             1  25    100       100        1 0.001             fix         5
254  25   4 100   1           25            4           100             1  25    100       100        1 0.001             fix         5
255  25   4 100   1            0            0             0             0  25    100       100        1 0.001             fix         5
256  24   4 100   1           24            4           100             1  25    100       100        1 0.001             fix         5
257  24   4 100   1            0            0             0             0  25    100       100        1 0.001             fix         5
258  24   4 100   1            0            0             0             0  25    100       100        1 0.001             fix         5
259  24   4 100   1            0            0             0             0  25    100       100        1 0.001             fix         5
260  24   4 100   1           24            4           100             1  25    100       100        1 0.001             fix         5
261  24   4 100   1            0            0             0             0  25    100       100        1 0.001             fix         5
262  24   4 100   1            0            0             0             0  25    100       100        1 0.001             fix         5
263  24   4 100   1            0            0             0             0  25    100       100        1 0.001             fix         5
264  24   4 100   1            0            0             0             0  25    100       100        1 0.001             fix         5
265  24   4 100   1            0            0             0             0  25    100       100        1 0.001             fix         5
266  25   4 100   1           25            4           100             1  25    100       100        1 0.001             fix         5
267  25   4 100   1           25            4           100             1  25    100       100        1 0.001             fix         5
268  25   4 100   1            0            0             0             0  25    100       100        1 0.001             fix         5
269  25   4 100   1           25            4           100             1  25    100       100        1 0.001             fix         5
270  25   4 100   1           25            4           100             1  25    100       100        1 0.001             fix         5
271  24   4 100   1           24            4           100             1  25    100       100        1 0.001             fix         5
272  24   4 100   1           24            4           100             1  25    100       100        1 0.001             fix         5
273  24   4 100   1            0            0             0             0  25    100       100        1 0.001             fix         5
274  24   4 100   1            0            0             0             0  25    100       100        1 0.001             fix         5
275  24   4 100   1           24            4           100             1  25    100       100        1 0.001             fix         5
276  24   4 100   1            0            0             0             0  25    100       100        1 0.001             fix         5
277  24   4 100   1           24            4           100             1  25    100       100        1 0.001             fix         5
278  24   4 100   1            0            0             0             0  25    100       100        1 0.001             fix         5
279  24   4 100   1            0            0             0             0  25    100       100        1 0.001             fix         5
280  24   4 100   1           24            4           100             1  25    100       100        1 0.001             fix         5
281  24   4 100   1           24            4           100             1  25    100       100        1 0.001             fix         5
282  24   4 100   1            0            0             0             0  25    100       100        1 0.001             fix         5
283  24   4 100   1            0            0             0             0  25    100       100        1 0.001             fix         5
284  24   4 100   1           24            4           100             1  25    100       100        1 0.001             fix         5
285  24   4 100   1           24            4           100             1  25    100       100        1 0.001             fix         5
286  24   4 100   1            0            0             0             0  25    100       100        1 0.001             fix         5
287  24   4 100   1            0            0             0             0  25    100       100        1 0.001             fix         5
288  24   4 100   1            0            0             0             0  25    100       100        1 0.001             fix         5
289  24   4 100   1           24            4           100             1  25    100       100        1 0.001             fix         5
290  24   4 100   1            0            0             0             0  25    100       100        1 0.001             fix         5
291  25   4 100   1           25            4           100             1  25    100       100        1 0.001             fix         5
292  25   4 100   1            0            0             0             0  25    100       100        1 0.001             fix         5
293  25   4 100   1            0            0             0             0  25    100       100        1 0.001             fix         5
294  25   4 100   1           25            4           100             1  25    100       100        1 0.001             fix         5
295  25   4 100   1           25            4           100             1  25    100       100        1 0.001             fix         5
296  25   4 100   1            0            0             0             0  25    100       100        1 0.001             fix         5
297  25   4 100   1            0            0             0             0  25    100       100        1 0.001             fix         5
298  25   4 100   1            0            0             0             0  25    100       100        1 0.001             fix         5
299  25   4 100   1            0            0             0             0  25    100       100        1 0.001             fix         5
300  25   4 100   1            0            0             0             0  25    100       100        1 0.001             fix         5
301  24   4 100   1            0            0             0             0  25    100       100        1 0.001             fix         5
302  24   4 100   1            0            0             0             0  25    100       100        1 0.001             fix         5
303  24   4 100   1            0            0             0             0  25    100       100        1 0.001             fix         5
304  24   4 100   1            0            0             0             0  25    100       100        1 0.001             fix         5
305  24   4 100   1            0            0             0             0  25    100       100        1 0.001             fix         5
306  24   4 100   1           24            4           100             1  25    100       100        1 0.001             fix         5
307  24   4 100   1           24            4           100             1  25    100       100        1 0.001             fix         5
308  24   4 100   1            0            0             0             0  25    100       100        1 0.001             fix         5
309  24   4 100   1            0            0             0             0  25    100       100        1 0.001             fix         5
310  24   4 100   1            0            0             0             0  25    100       100        1 0.001             fix         5
311  25   4 100   1            0            0             0             0  25    100       100        1 0.001             fix         5
312  25   4 100   1           25            4           100             1  25    100       100        1 0.001             fix         5
313  25   4 100   1           25            4           100             1  25    100       100        1 0.001             fix         5
314  25   4 100   1            0            0             0             0  25    100       100        1 0.001             fix         5
315  25   4 100   1           25            4           100             1  25    100       100        1 0.001             fix         5
316  23   4 100   1           23            4           100             1  25    100       100        1 0.001             fix         5
317  23   4 100   1           23            4           100             1  25    100       100        1 0.001             fix         5
318  23   4 100   1           23            4           100             1  25    100       100        1 0.001             fix         5
319  23   4 100   1            0            0             0             0  25    100       100        1 0.001             fix         5
320  23   4 100   1           23            4           100             1  25    100       100        1 0.001             fix         5
321  25   4 100   1            0            0             0             0  25    100       100        1 0.001             fix         5
322  25   4 100   1            0            0             0             0  25    100       100        1 0.001             fix         5
323  25   4 100   1            0            0             0             0  25    100       100        1 0.001             fix         5
324  25   4 100   1           25            4           100             1  25    100       100        1 0.001             fix         5
325  25   4 100   1           25            4           100             1  25    100       100        1 0.001             fix         5
326  25   4 100   1           25            4           100             1  25    100       100        1 0.001             fix         5
327  25   4 100   1            0            0             0             0  25    100       100        1 0.001             fix         5
328  25   4 100   1           25            4           100             1  25    100       100        1 0.001             fix         5
329  25   4 100   1            0            0             0             0  25    100       100        1 0.001             fix         5
330  25   4 100   1           25            4           100             1  25    100       100        1 0.001             fix         5
331  25   4 100   1           25            4           100             1  25    100       100        1 0.001             fix         5
332  25   4 100   1           25            4           100             1  25    100       100        1 0.001             fix         5
333  25   4 100   1            0            0             0             0  25    100       100        1 0.001             fix         5
334  25   4 100   1            0            0             0             0  25    100       100        1 0.001             fix         5
335  25   4 100   1            0            0             0             0  25    100       100        1 0.001             fix         5
336  24   4 100   1            0            0             0             0  25    100       100        1 0.001             fix         5
337  24   4 100   1           24            4           100             1  25    100       100        1 0.001             fix         5
338  24   4 100   1           24            4           100             1  25    100       100        1 0.001             fix         5
339  24   4 100   1           24            4           100             1  25    100       100        1 0.001             fix         5
340  24   4 100   1            0            0             0             0  25    100       100        1 0.001             fix         5
341  25   4 100   1            0            0             0             0  25    100       100        1 0.001             fix         5
342  25   4 100   1            0            0             0             0  25    100       100        1 0.001             fix         5
343  25   4 100   1            0            0             0             0  25    100       100        1 0.001             fix         5
344  25   4 100   1            0            0             0             0  25    100       100        1 0.001             fix         5
345  25   4 100   1           25            4           100             1  25    100       100        1 0.001             fix         5
346  25   4 100   1           25            4           100             1  25    100       100        1 0.001             fix         5
347  25   4 100   1           25            4           100             1  25    100       100        1 0.001             fix         5
348  25   4 100   1            0            0             0             0  25    100       100        1 0.001             fix         5
349  25   4 100   1           25            4           100             1  25    100       100        1 0.001             fix         5
350  25   4 100   1            0            0             0             0  25    100       100        1 0.001             fix         5
351  24   4 100   1            0            0             0             0  25    100       100        1 0.001             fix         5
352  24   4 100   1           24            4           100             1  25    100       100        1 0.001             fix         5
353  24   4 100   1            0            0             0             0  25    100       100        1 0.001             fix         5
354  24   4 100   1            0            0             0             0  25    100       100        1 0.001             fix         5
355  24   4 100   1            0            0             0             0  25    100       100        1 0.001             fix         5
356  25   4 100   1            0            0             0             0  25    100       100        1 0.001             fix         5
357  25   4 100   1           25            4           100             1  25    100       100        1 0.001             fix         5
358  25   4 100   1           25            4           100             1  25    100       100        1 0.001             fix         5
359  25   4 100   1            0            0             0             0  25    100       100        1 0.001             fix         5
360  25   4 100   1           25            4           100             1  25    100       100        1 0.001             fix         5
361  25   4 100   1            0            0             0             0  25    100       100        1 0.001             fix         5
362  25   4 100   1           25            4           100             1  25    100       100        1 0.001             fix         5
363  25   4 100   1            0            0             0             0  25    100       100        1 0.001             fix         5
364  25   4 100   1            0            0             0             0  25    100       100        1 0.001             fix         5
365  25   4 100   1           25            4           100             1  25    100       100        1 0.001             fix         5
366  25   4 100   1            0            0             0             0  25    100       100        1 0.001             fix         5
367  25   4 100   1            0            0             0             0  25    100       100        1 0.001             fix         5
368  25   4 100   1            0            0             0             0  25    100       100        1 0.001             fix         5
369  25   4 100   1           25            4           100             1  25    100       100        1 0.001             fix         5
370  25   4 100   1           25            4           100             1  25    100       100        1 0.001             fix         5
371  25   4 100   1            0            0             0             0  25    100       100        1 0.001             fix         5
372  25   4 100   1           25            4           100             1  25    100       100        1 0.001             fix         5
373  25   4 100   1            0            0             0             0  25    100       100        1 0.001             fix         5
374  25   4 100   1           25            4           100             1  25    100       100        1 0.001             fix         5
375  25   4 100   1            0            0             0             0  25    100       100        1 0.001             fix         5
376  24   4 100   1           24            4           100             1  25    100       100        1 0.001             fix         5
377  24   4 100   1            0            0             0             0  25    100       100        1 0.001             fix         5
378  24   4 100   1           24            4           100             1  25    100       100        1 0.001             fix         5
379  24   4 100   1           24            4           100             1  25    100       100        1 0.001             fix         5
380  24   4 100   1            0            0             0             0  25    100       100        1 0.001             fix         5
381  25   4 100   1            0            0             0             0  25    100       100        1 0.001             fix         5
382  25   4 100   1           25            4           100             1  25    100       100        1 0.001             fix         5
383  25   4 100   1           25            4           100             1  25    100       100        1 0.001             fix         5
384  25   4 100   1           25            4           100             1  25    100       100        1 0.001             fix         5
385  25   4 100   1           25            4           100             1  25    100       100        1 0.001             fix         5
386  25   4 100   1            0            0             0             0  25    100       100        1 0.001             fix         5
387  25   4 100   1           25            4           100             1  25    100       100        1 0.001             fix         5
388  25   4 100   1           25            4           100             1  25    100       100        1 0.001             fix         5
389  25   4 100   1            0            0             0             0  25    100       100        1 0.001             fix         5
390  25   4 100   1            0            0             0             0  25    100       100        1 0.001             fix         5
391  25   4 100   1           25            4           100             1  25    100       100        1 0.001             fix         5
392  25   4 100   1            0            0             0             0  25    100       100        1 0.001             fix         5
393  25   4 100   1           25            4           100             1  25    100       100        1 0.001             fix         5
394  25   4 100   1           25            4           100             1  25    100       100        1 0.001             fix         5
395  25   4 100   1           25            4           100             1  25    100       100        1 0.001             fix         5
396  25   4 100   1            0            0             0             0  25    100       100        1 0.001             fix         5
397  25   4 100   1           25            4           100             1  25    100       100        1 0.001             fix         5
398  25   4 100   1            0            0             0             0  25    100       100        1 0.001             fix         5
399  25   4 100   1            0            0             0             0  25    100       100        1 0.001             fix         5
400  25   4 100   1            0            0             0             0  25    100       100        1 0.001             fix         5
401  25   4 100   1            0            0             0             0  25    100       100        1 0.001             fix         5
402  25   4 100   1            0            0             0             0  25    100       100        1 0.001             fix         5
403  25   4 100   1           25            4           100             1  25    100       100        1 0.001             fix         5
404  25   4 100   1            0            0             0             0  25    100       100        1 0.001             fix         5
405  25   4 100   1            0            0             0             0  25    100       100        1 0.001             fix         5
406  25   4 100   1           25            4           100             1  25    100       100        1 0.001             fix         5
407  25   4 100   1            0            0             0             0  25    100       100        1 0.001             fix         5
408  25   4 100   1            0            0             0             0  25    100       100        1 0.001             fix         5
409  25   4 100   1            0            0             0             0  25    100       100        1 0.001             fix         5
410  25   4 100   1           25            4           100             1  25    100       100        1 0.001             fix         5
411  25   4 100   1            0            0             0             0  25    100       100        1 0.001             fix         5
412  25   4 100   1            0            0             0             0  25    100       100        1 0.001             fix         5
413  25   4 100   1           25            4           100             1  25    100       100        1 0.001             fix         5
414  25   4 100   1            0            0             0             0  25    100       100        1 0.001             fix         5
415  25   4 100   1           25            4           100             1  25    100       100        1 0.001             fix         5
416  24   4 100   1           24            4           100             1  25    100       100        1 0.001             fix         5
417  24   4 100   1            0            0             0             0  25    100       100        1 0.001             fix         5
418  24   4 100   1           24            4           100             1  25    100       100        1 0.001             fix         5
419  24   4 100   1            0            0             0             0  25    100       100        1 0.001             fix         5
420  24   4 100   1            0            0             0             0  25    100       100        1 0.001             fix         5
421  24   4 100   1           24            4           100             1  25    100       100        1 0.001             fix         5
422  24   4 100   1           24            4           100             1  25    100       100        1 0.001             fix         5
423  24   4 100   1           24            4           100             1  25    100       100        1 0.001             fix         5
424  24   4 100   1           24            4           100             1  25    100       100        1 0.001             fix         5
425  24   4 100   1            0            0             0             0  25    100       100        1 0.001             fix         5
426  24   4 100   1            0            0             0             0  25    100       100        1 0.001             fix         5
427  24   4 100   1            0            0             0             0  25    100       100        1 0.001             fix         5
428  24   4 100   1            0            0             0             0  25    100       100        1 0.001             fix         5
429  24   4 100   1           24            4           100             1  25    100       100        1 0.001             fix         5
430  24   4 100   1            0            0             0             0  25    100       100        1 0.001             fix         5
431  25   4 100   1           25            4           100             1  25    100       100        1 0.001             fix         5
432  25   4 100   1            0            0             0             0  25    100       100        1 0.001             fix         5
433  25   4 100   1           25            4           100             1  25    100       100        1 0.001             fix         5
434  25   4 100   1            0            0             0             0  25    100       100        1 0.001             fix         5
435  25   4 100   1           25            4           100             1  25    100       100        1 0.001             fix         5
436  25   4 100   1            0            0             0             0  25    100       100        1 0.001             fix         5
437  25   4 100   1            0            0             0             0  25    100       100        1 0.001             fix         5
438  25   4 100   1            0            0             0             0  25    100       100        1 0.001             fix         5
439  25   4 100   1            0            0             0             0  25    100       100        1 0.001             fix         5
440  25   4 100   1           25            4           100             1  25    100       100        1 0.001             fix         5
441  25   4 100   1           25            4           100             1  25    100       100        1 0.001             fix         5
442  25   4 100   1            0            0             0             0  25    100       100        1 0.001             fix         5
443  25   4 100   1           25            4           100             1  25    100       100        1 0.001             fix         5
444  25   4 100   1           25            4           100             1  25    100       100        1 0.001             fix         5
445  25   4 100   1            0            0             0             0  25    100       100        1 0.001             fix         5
446  25   4 100   1           25            4           100             1  25    100       100        1 0.001             fix         5
447  25   4 100   1           25            4           100             1  25    100       100        1 0.001             fix         5
448  25   4 100   1           25            4           100             1  25    100       100        1 0.001             fix         5
449  25   4 100   1            0            0             0             0  25    100       100        1 0.001             fix         5
450  25   4 100   1            0            0             0             0  25    100       100        1 0.001             fix         5
451  25   4 100   1           25            4           100             1  25    100       100        1 0.001             fix         5
452  25   4 100   1           25            4           100             1  25    100       100        1 0.001             fix         5
453  25   4 100   1           25            4           100             1  25    100       100        1 0.001             fix         5
454  25   4 100   1           25            4           100             1  25    100       100        1 0.001             fix         5
455  25   4 100   1            0            0             0             0  25    100       100        1 0.001             fix         5
456  25   4 100   1            0            0             0             0  25    100       100        1 0.001             fix         5
457  25   4 100   1            0            0             0             0  25    100       100        1 0.001             fix         5
458  25   4 100   1           25            4           100             1  25    100       100        1 0.001             fix         5
459  25   4 100   1           25            4           100             1  25    100       100        1 0.001             fix         5
460  25   4 100   1            0            0             0             0  25    100       100        1 0.001             fix         5
461  25   4 100   1           25            4           100             1  25    100       100        1 0.001             fix         5
462  25   4 100   1           25            4           100             1  25    100       100        1 0.001             fix         5
463  25   4 100   1            0            0             0             0  25    100       100        1 0.001             fix         5
464  25   4 100   1           25            4           100             1  25    100       100        1 0.001             fix         5
465  25   4 100   1           25            4           100             1  25    100       100        1 0.001             fix         5
466  25   4 100   1           25            4           100             1  25    100       100        1 0.001             fix         5
467  25   4 100   1           25            4           100             1  25    100       100        1 0.001             fix         5
468  25   4 100   1           25            4           100             1  25    100       100        1 0.001             fix         5
469  25   4 100   1            0            0             0             0  25    100       100        1 0.001             fix         5
470  25   4 100   1            0            0             0             0  25    100       100        1 0.001             fix         5
471  24   4 100   1            0            0             0             0  25    100       100        1 0.001             fix         5
472  24   4 100   1            0            0             0             0  25    100       100        1 0.001             fix         5
473  24   4 100   1            0            0             0             0  25    100       100        1 0.001             fix         5
474  24   4 100   1            0            0             0             0  25    100       100        1 0.001             fix         5
475  24   4 100   1           24            4           100             1  25    100       100        1 0.001             fix         5
476  25   4 100   1           25            4           100             1  25    100       100        1 0.001             fix         5
477  25   4 100   1           25            4           100             1  25    100       100        1 0.001             fix         5
478  25   4 100   1            0            0             0             0  25    100       100        1 0.001             fix         5
479  25   4 100   1           25            4           100             1  25    100       100        1 0.001             fix         5
480  25   4 100   1            0            0             0             0  25    100       100        1 0.001             fix         5
481  25   4 100   1           25            4           100             1  25    100       100        1 0.001             fix         5
482  25   4 100   1           25            4           100             1  25    100       100        1 0.001             fix         5
483  25   4 100   1            0            0             0             0  25    100       100        1 0.001             fix         5
484  25   4 100   1           25            4           100             1  25    100       100        1 0.001             fix         5
485  25   4 100   1            0            0             0             0  25    100       100        1 0.001             fix         5
486  25   4 100   1            0            0             0             0  25    100       100        1 0.001             fix         5
487  25   4 100   1           25            4           100             1  25    100       100        1 0.001             fix         5
488  25   4 100   1           25            4           100             1  25    100       100        1 0.001             fix         5
489  25   4 100   1            0            0             0             0  25    100       100        1 0.001             fix         5
490  25   4 100   1           25            4           100             1  25    100       100        1 0.001             fix         5
491  24   4 100   1           24            4           100             1  25    100       100        1 0.001             fix         5
492  24   4 100   1            0            0             0             0  25    100       100        1 0.001             fix         5
493  24   4 100   1           24            4           100             1  25    100       100        1 0.001             fix         5
494  24   4 100   1            0            0             0             0  25    100       100        1 0.001             fix         5
495  24   4 100   1            0            0             0             0  25    100       100        1 0.001             fix         5
496  24   4 100   1           24            4           100             1  25    100       100        1 0.001             fix         5
497  24   4 100   1            0            0             0             0  25    100       100        1 0.001             fix         5
498  24   4 100   1           24            4           100             1  25    100       100        1 0.001             fix         5
499  24   4 100   1            0            0             0             0  25    100       100        1 0.001             fix         5
500  24   4 100   1            0            0             0             0  25    100       100        1 0.001             fix         5
