     cSp mSp cAr mAr borrados_cSp borrados_mSp  borrados_cAr  borrados_mAr
1     10  10  10  10           10           10            10            10
2     10  10  10  10           10           10            10            10
3     10  10  10  10           10           10            10            10
4     10  10  10  10           10           10            10            10
5     10  10  10  10           10           10            10            10
6     10  10  10  10           10           10            10            10
7     10  10  10  10           10           10            10            10
8     10  10  10  10           10           10            10            10
9     10  10  10  10           10           10            10            10
10    10  10  10  10           10           10            10            10
11    10  10  10  10           10           10            10            10
12    10  10  10  10           10           10            10            10
13    10  10  10  10           10           10            10            10
14    10  10  10  10           10           10            10            10
15    10  10  10  10           10           10            10            10
16    10  10  10  10           10           10            10            10
17    10  10  10  10           10           10            10            10
18    10  10  10  10           10           10            10            10
19    10  10  10  10           10           10            10            10
20    10  10  10  10           10           10            10            10
21    10  10  10  10           10           10            10            10
22    10  10  10  10           10           10            10            10
23    10  10  10  10           10           10            10            10
24    10  10  10  10           10           10            10            10
25    10  10  10  10           10           10            10            10
26   100 100 100 100          100          100           100           100
27   100 100 100 100          100          100           100           100
28   100 100 100 100          100          100           100           100
29   100 100 100 100          100          100           100           100
30   100 100 100 100          100          100           100           100
31   100 100 100 100          100          100           100           100
32   100 100 100 100          100          100           100           100
33   100 100 100 100          100          100           100           100
34   100 100 100 100          100          100           100           100
35   100 100 100 100          100          100           100           100
36   100 100 100 100          100          100           100           100
37   100 100 100 100          100          100           100           100
38   100 100 100 100            1            1             1             1
39     1   1   1   1            1            1             1             1
40     1   1   1   1            1            1             1             1
41     1   1   1   1            1            1             1             1
42     1   1   1   1            1            1             1             1
43     1   1   1   1            1            1             1             1
44     1   1   1   1            1            1             1             1
45     1   1   1   1            1            1             1             1
46     1   1   1   1            1            1             1             1
47     1   1   1   1            1            1             1             1
48     1   1   1   1            1            1             1             1
49     1   1   1   1            1            1             1             1
50     1   1   1   1            1            1             1             1
51    10  10   0  10            0            0             0             0
52    10  10   0   0            0            0            10             0
53     0  10  10  10            0           10            10             0
54    10   0  10  10           10           10             0            10
55     0  10   0   0            0           10             0             0
56    10  10  10   0           10            0             0            10
57    10  10  10  10            0            0            10            10
58     0   0  10   0            0            0            10             0
59     0   0  10   0           10           10            10            10
60    10   0   0  10           10            0            10             0
61    10   0   0  10           10           10             0            10
62    10  10   0   0            0            0             0            10
63     0  10  10   0           10           10             0            10
64     0   0   0   0           10           10             0             0
65     0   0  10   0            0           10            10            10
66     0  10  10   0           10            0            10            10
67    10  10   0  10            0           10             0             0
68     0  10   0   0           10           10            10             0
69    10   0   0  10           10           10            10            10
70     0   0  10  10            0            0            10             0
71     0   0  10   0            0            0            10             0
72    10  10  10  10           10            0             0            10
73    10   0  10   0           10            0             0            10
74    10  10   0  10           10           10             0             0
75     0   0   0  10            0           10            10             0
76   100 100   0 100            0            0             0             0
77   100 100   0   0            0            0           100             0
78     0 100 100 100            0          100           100             0
79   100   0 100 100          100          100             0           100
80     0 100   0   0            0          100             0             0
81   100 100 100   0          100            0             0           100
82   100 100 100 100            0            0           100           100
83     0   0 100   0            0            0           100             0
84     0   0 100   0          100          100           100           100
85   100   0   0 100          100            0           100             0
86   100   0   0 100          100          100             0           100
87   100 100   0   0            0            0             0           100
88     0 100 100   0            1            1             0             1
89     0   0   0   0            1            1             0             0
90     0   0   1   0            0            1             1             1
91     0   1   1   0            1            0             1             1
92     1   1   0   1            0            1             0             0
93     0   1   0   0            1            1             1             0
94     1   0   0   1            1            1             1             1
95     0   0   1   1            0            0             1             0
96     0   0   1   0            0            0             1             0
97     1   1   1   1            1            0             0             1
98     1   0   1   0            1            0             0             1
99     1   1   0   1            1            1             0             0
100    0   0   0   1            0            1             1             0
101   10  10  10  10           10           10            10            10
102   10  10  10  10           10           10            10            10
103   10  10  10  10           10           10            10            10
104   10  10  10  10           10           10            10            10
105   10  10  10  10           10           10            10            10
106   10  10  10  10           10           10            10            10
107   10  10  10  10           10           10            10            10
108   10  10  10  10           10           10            10            10
109   10  10  10  10           10           10            10            10
110   10  10  10  10           10           10            10            10
111   10  10  10  10           10           10            10            10
112   10  10  10  10           10           10            10            10
113   10  10  10  10           10           10            10            10
114   10  10  10  10           10           10            10            10
115   10  10  10  10           10           10            10            10
116   10  10  10  10           10           10            10            10
117   10  10  10  10           10           10            10            10
118   10  10  10  10           10           10            10            10
119   10  10  10  10           10           10            10            10
120   10  10  10  10           10           10            10            10
121   10  10  10  10           10           10            10            10
122   10  10  10  10           10           10            10            10
123   10  10  10  10           10           10            10            10
124   10  10  10  10           10           10            10            10
125   10  10  10  10           10           10            10            10
126  100 100 100 100          100          100           100           100
127  100 100 100 100          100          100           100           100
128  100 100 100 100          100          100           100           100
129  100 100 100 100          100          100           100           100
130  100 100 100 100          100          100           100           100
131  100 100 100 100          100          100           100           100
132  100 100 100 100          100          100           100           100
133  100 100 100 100          100          100           100           100
134  100 100 100 100          100          100           100           100
135  100 100 100 100          100          100           100           100
136  100 100 100 100          100          100           100           100
137  100 100 100 100          100          100           100           100
138  100 100 100 100            1            1             1             1
139    1   1   1   1            1            1             1             1
140    1   1   1   1            1            1             1             1
141    1   1   1   1            1            1             1             1
142    1   1   1   1            1            1             1             1
143    1   1   1   1            1            1             1             1
144    1   1   1   1            1            1             1             1
145    1   1   1   1            1            1             1             1
146    1   1   1   1            1            1             1             1
147    1   1   1   1            1            1             1             1
148    1   1   1   1            1            1             1             1
149    1   1   1   1            1            1             1             1
150    1   1   1   1            1            1             1             1
151   10  10  10   0            0           10            10             0
152    0  10  10   0           10            0            10            10
153   10  10   0   0           10            0            10            10
154    0  10  10  10            0            0            10            10
155   10  10   0   0            0            0            10             0
156    0   0   0  10            0            0            10             0
157    0   0  10  10           10           10             0            10
158    0   0  10   0           10            0            10            10
159   10   0  10   0            0            0             0            10
160   10   0   0  10           10            0            10             0
161   10   0  10  10           10           10             0            10
162    0  10   0   0            0            0            10             0
163   10  10  10   0           10           10            10             0
164    0  10  10   0            0           10            10             0
165   10   0  10  10           10           10             0             0
166   10   0  10  10            0           10            10            10
167    0   0  10  10           10           10             0             0
168    0   0  10   0            0            0             0            10
169    0   0  10   0            0            0            10            10
170   10  10   0  10            0            0            10             0
171   10   0  10  10           10            0            10             0
172    0   0   0  10           10            0             0            10
173   10   0  10   0           10            0            10            10
174   10  10   0  10            0           10             0             0
175    0   0  10   0           10           10            10             0
176  100 100 100   0            0          100           100             0
177    0 100 100   0          100            0           100           100
178  100 100   0   0          100            0           100           100
179    0 100 100 100            0            0           100           100
180  100 100   0   0            0            0           100             0
181    0   0   0 100            0            0           100             0
182    0   0 100 100          100          100             0           100
183    0   0 100   0          100            0           100           100
184  100   0 100   0            0            0             0           100
185  100   0   0 100          100            0           100             0
186  100   0 100 100          100          100             0           100
187    0 100   0   0            0            0           100             0
188  100 100 100   0            1            1             1             0
189    0   1   1   0            0            1             1             0
190    1   0   1   1            1            1             0             0
191    1   0   1   1            0            1             1             1
192    0   0   1   1            1            1             0             0
193    0   0   1   0            0            0             0             1
194    0   0   1   0            0            0             1             1
195    1   1   0   1            0            0             1             0
196    1   0   1   1            1            0             1             0
197    0   0   0   1            1            0             0             1
198    1   0   1   0            1            0             1             1
199    1   1   0   1            0            1             0             0
200    0   0   1   0            1            1             1             0
201   10  10  10  10           10           10            10            10
202   10  10  10  10           10           10            10            10
203   10  10  10  10           10           10            10            10
204   10  10  10  10           10           10            10            10
205   10  10  10  10           10           10            10            10
206   10  10  10  10           10           10            10            10
207   10  10  10  10           10           10            10            10
208   10  10  10  10           10           10            10            10
209   10  10  10  10           10           10            10            10
210   10  10  10  10           10           10            10            10
211   10  10  10  10           10           10            10            10
212   10  10  10  10           10           10            10            10
213   10  10  10  10           10           10            10            10
214   10  10  10  10           10           10            10            10
215   10  10  10  10           10           10            10            10
216   10  10  10  10           10           10            10            10
217   10  10  10  10           10           10            10            10
218   10  10  10  10           10           10            10            10
219   10  10  10  10           10           10            10            10
220   10  10  10  10           10           10            10            10
221   10  10  10  10           10           10            10            10
222   10  10  10  10           10           10            10            10
223   10  10  10  10           10           10            10            10
224   10  10  10  10           10           10            10            10
225   10  10  10  10           10           10            10            10
226  100 100 100 100          100          100           100           100
227  100 100 100 100          100          100           100           100
228  100 100 100 100          100          100           100           100
229  100 100 100 100          100          100           100           100
230  100 100 100 100          100          100           100           100
231  100 100 100 100          100          100           100           100
232  100 100 100 100          100          100           100           100
233  100 100 100 100          100          100           100           100
234  100 100 100 100          100          100           100           100
235  100 100 100 100          100          100           100           100
236  100 100 100 100          100          100           100           100
237  100 100 100 100          100          100           100           100
238  100 100 100 100            1            1             1             1
239    1   1   1   1            1            1             1             1
240    1   1   1   1            1            1             1             1
241    1   1   1   1            1            1             1             1
242    1   1   1   1            1            1             1             1
243    1   1   1   1            1            1             1             1
244    1   1   1   1            1            1             1             1
245    1   1   1   1            1            1             1             1
246    1   1   1   1            1            1             1             1
247    1   1   1   1            1            1             1             1
248    1   1   1   1            1            1             1             1
249    1   1   1   1            1            1             1             1
250    1   1   1   1            1            1             1             1
251    0   0  10   0            0           10             0            10
252   10  10  10  10            0            0            10            10
253    0  10   0  10            0           10             0            10
254    0   0  10   0           10            0             0             0
255    0   0   0   0           10           10             0             0
256    0  10  10   0            0           10            10            10
257    0  10  10  10           10           10             0            10
258    0   0  10   0            0            0             0            10
259    0   0   0  10           10           10            10             0
260    0   0  10   0           10            0            10             0
261    0  10  10   0            0           10            10             0
262    0  10  10  10            0           10             0            10
263    0  10   0   0            0            0            10             0
264    0  10   0  10           10           10            10            10
265    0   0  10  10            0           10             0            10
266    0  10   0  10            0            0            10             0
267   10   0   0   0            0            0             0             0
268   10  10   0   0            0           10            10             0
269    0  10  10  10            0           10            10            10
270   10  10   0  10            0            0            10             0
271    0   0   0  10            0            0             0            10
272   10  10  10   0            0            0            10             0
273   10   0  10   0            0           10            10             0
274    0  10  10   0            0           10            10            10
275    0  10   0  10            0           10             0             0
276    0   0 100   0            0          100             0           100
277  100 100 100 100            0            0           100           100
278    0 100   0 100            0          100             0           100
279    0   0 100   0          100            0             0             0
280    0   0   0   0          100          100             0             0
281    0 100 100   0            0          100           100           100
282    0 100 100 100          100          100             0           100
283    0   0 100   0            0            0             0           100
284    0   0   0 100          100          100           100             0
285    0   0 100   0          100            0           100             0
286    0 100 100   0            0          100           100             0
287    0 100 100 100            0          100             0           100
288    0 100   0   0            0            0             1             0
289    0   1   0   1            1            1             1             1
290    0   0   1   1            0            1             0             1
291    0   1   0   1            0            0             1             0
292    1   0   0   0            0            0             0             0
293    1   1   0   0            0            1             1             0
294    0   1   1   1            0            1             1             1
295    1   1   0   1            0            0             1             0
296    0   0   0   1            0            0             0             1
297    1   1   1   0            0            0             1             0
298    1   0   1   0            0            1             1             0
299    0   1   1   0            0            1             1             1
300    0   1   0   1            0            1             0             0
301   10  10  10  10           10           10            10            10
302   10  10  10  10           10           10            10            10
303   10  10  10  10           10           10            10            10
304   10  10  10  10           10           10            10            10
305   10  10  10  10           10           10            10            10
306   10  10  10  10           10           10            10            10
307   10  10  10  10           10           10            10            10
308   10  10  10  10           10           10            10            10
309   10  10  10  10           10           10            10            10
310   10  10  10  10           10           10            10            10
311   10  10  10  10           10           10            10            10
312   10  10  10  10           10           10            10            10
313   10  10  10  10           10           10            10            10
314   10  10  10  10           10           10            10            10
315   10  10  10  10           10           10            10            10
316   10  10  10  10           10           10            10            10
317   10  10  10  10           10           10            10            10
318   10  10  10  10           10           10            10            10
319   10  10  10  10           10           10            10            10
320   10  10  10  10           10           10            10            10
321   10  10  10  10           10           10            10            10
322   10  10  10  10           10           10            10            10
323   10  10  10  10           10           10            10            10
324   10  10  10  10           10           10            10            10
325   10  10  10  10           10           10            10            10
326  100 100 100 100          100          100           100           100
327  100 100 100 100          100          100           100           100
328  100 100 100 100          100          100           100           100
329  100 100 100 100          100          100           100           100
330  100 100 100 100          100          100           100           100
331  100 100 100 100          100          100           100           100
332  100 100 100 100          100          100           100           100
333  100 100 100 100          100          100           100           100
334  100 100 100 100          100          100           100           100
335  100 100 100 100          100          100           100           100
336  100 100 100 100          100          100           100           100
337  100 100 100 100          100          100           100           100
338  100 100 100 100            1            1             1             1
339    1   1   1   1            1            1             1             1
340    1   1   1   1            1            1             1             1
341    1   1   1   1            1            1             1             1
342    1   1   1   1            1            1             1             1
343    1   1   1   1            1            1             1             1
344    1   1   1   1            1            1             1             1
345    1   1   1   1            1            1             1             1
346    1   1   1   1            1            1             1             1
347    1   1   1   1            1            1             1             1
348    1   1   1   1            1            1             1             1
349    1   1   1   1            1            1             1             1
350    1   1   1   1            1            1             1             1
351   10   0  10  10            0            0             0             0
352    0   0   0   0            0            0             0            10
353   10  10   0   0           10           10             0            10
354   10   0  10   0           10           10            10             0
355   10   0   0  10            0           10             0            10
356    0   0  10   0           10           10            10             0
357   10   0   0   0            0            0            10            10
358   10   0  10   0           10           10             0             0
359    0  10   0  10           10            0            10            10
360   10  10   0   0           10            0             0             0
361   10   0  10  10           10           10            10             0
362   10  10   0   0           10           10             0            10
363   10   0   0   0           10            0            10            10
364    0   0   0   0            0            0             0             0
365    0   0   0  10           10           10             0             0
366   10  10   0  10           10            0            10             0
367   10  10  10   0           10            0             0            10
368    0  10   0  10            0            0            10             0
369   10  10  10   0           10            0             0             0
370    0   0  10  10           10            0            10             0
371   10  10   0   0            0           10             0            10
372   10   0  10  10           10           10             0             0
373   10   0   0   0           10            0            10            10
374   10  10  10   0           10           10             0             0
375   10  10   0  10           10            0             0             0
376  100   0 100 100            0            0             0             0
377    0   0   0   0            0            0             0           100
378  100 100   0   0          100          100             0           100
379  100   0 100   0          100          100           100             0
380  100   0   0 100            0          100             0           100
381    0   0 100   0          100          100           100             0
382  100   0   0   0            0            0           100           100
383  100   0 100   0          100          100             0             0
384    0 100   0 100          100            0           100           100
385  100 100   0   0          100            0             0             0
386  100   0 100 100          100          100           100             0
387  100 100   0   0          100          100             0           100
388  100   0   0   0            1            0             1             1
389    0   0   0   0            0            0             0             0
390    0   0   0   1            1            1             0             0
391    1   1   0   1            1            0             1             0
392    1   1   1   0            1            0             0             1
393    0   1   0   1            0            0             1             0
394    1   1   1   0            1            0             0             0
395    0   0   1   1            1            0             1             0
396    1   1   0   0            0            1             0             1
397    1   0   1   1            1            1             0             0
398    1   0   0   0            1            0             1             1
399    1   1   1   0            1            1             0             0
400    1   1   0   1            1            0             0             0
401   10  10  10  10           10           10            10            10
402   10  10  10  10           10           10            10            10
403   10  10  10  10           10           10            10            10
404   10  10  10  10           10           10            10            10
405   10  10  10  10           10           10            10            10
406   10  10  10  10           10           10            10            10
407   10  10  10  10           10           10            10            10
408   10  10  10  10           10           10            10            10
409   10  10  10  10           10           10            10            10
410   10  10  10  10           10           10            10            10
411   10  10  10  10           10           10            10            10
412   10  10  10  10           10           10            10            10
413   10  10  10  10           10           10            10            10
414   10  10  10  10           10           10            10            10
415   10  10  10  10           10           10            10            10
416   10  10  10  10           10           10            10            10
417   10  10  10  10           10           10            10            10
418   10  10  10  10           10           10            10            10
419   10  10  10  10           10           10            10            10
420   10  10  10  10           10           10            10            10
421   10  10  10  10           10           10            10            10
422   10  10  10  10           10           10            10            10
423   10  10  10  10           10           10            10            10
424   10  10  10  10           10           10            10            10
425   10  10  10  10           10           10            10            10
426  100 100 100 100          100          100           100           100
427  100 100 100 100          100          100           100           100
428  100 100 100 100          100          100           100           100
429  100 100 100 100          100          100           100           100
430  100 100 100 100          100          100           100           100
431  100 100 100 100          100          100           100           100
432  100 100 100 100          100          100           100           100
433  100 100 100 100          100          100           100           100
434  100 100 100 100          100          100           100           100
435  100 100 100 100          100          100           100           100
436  100 100 100 100          100          100           100           100
437  100 100 100 100          100          100           100           100
438  100 100 100 100            1            1             1             1
439    1   1   1   1            1            1             1             1
440    1   1   1   1            1            1             1             1
441    1   1   1   1            1            1             1             1
442    1   1   1   1            1            1             1             1
443    1   1   1   1            1            1             1             1
444    1   1   1   1            1            1             1             1
445    1   1   1   1            1            1             1             1
446    1   1   1   1            1            1             1             1
447    1   1   1   1            1            1             1             1
448    1   1   1   1            1            1             1             1
449    1   1   1   1            1            1             1             1
450    1   1   1   1            1            1             1             1
451   10  10   0  10           10            0            10             0
452    0  10  10  10            0           10             0             0
453    0   0   0   0           10            0             0            10
454   10   0   0  10           10           10             0             0
455   10  10   0  10            0           10            10            10
456    0  10   0  10            0            0             0            10
457   10  10   0  10           10           10            10             0
458    0   0   0   0           10            0            10             0
459   10  10   0  10            0           10             0             0
460    0  10  10  10           10           10             0             0
461    0  10  10  10            0            0            10             0
462   10   0   0   0           10           10             0             0
463   10   0  10   0           10           10             0            10
464   10   0  10   0            0           10            10            10
465    0  10   0   0            0            0             0             0
466   10   0   0  10           10            0             0            10
467   10  10   0   0           10           10             0            10
468    0  10  10  10            0           10             0            10
469    0   0   0  10           10           10             0            10
470   10  10  10   0            0            0             0             0
471   10   0  10   0           10           10             0            10
472    0  10   0   0            0           10            10            10
473   10  10   0   0            0           10            10            10
474    0   0  10   0           10            0             0             0
475   10  10   0   0           10            0            10             0
476  100 100   0 100          100            0           100             0
477    0 100 100 100            0          100             0             0
478    0   0   0   0          100            0             0           100
479  100   0   0 100          100          100             0             0
480  100 100   0 100            0          100           100           100
481    0 100   0 100            0            0             0           100
482  100 100   0 100          100          100           100             0
483    0   0   0   0          100            0           100             0
484  100 100   0 100            0          100             0             0
485    0 100 100 100          100          100             0             0
486    0 100 100 100            0            0           100             0
487  100   0   0   0          100          100             0             0
488  100   0 100   0            1            1             0             1
489    1   0   1   0            0            1             1             1
490    0   1   0   0            0            0             0             0
491    1   0   0   1            1            0             0             1
492    1   1   0   0            1            1             0             1
493    0   1   1   1            0            1             0             1
494    0   0   0   1            1            1             0             1
495    1   1   1   0            0            0             0             0
496    1   0   1   0            1            1             0             1
497    0   1   0   0            0            1             1             1
498    1   1   0   0            0            1             1             1
499    0   0   1   0            1            0             0             0
500    1   1   0   0            1            0             1             0
501   10  10  10  10           10           10            10            10
502   10  10  10  10           10           10            10            10
503   10  10  10  10           10           10            10            10
504   10  10  10  10           10           10            10            10
505   10  10  10  10           10           10            10            10
506   10  10  10  10           10           10            10            10
507   10  10  10  10           10           10            10            10
508   10  10  10  10           10           10            10            10
509   10  10  10  10           10           10            10            10
510   10  10  10  10           10           10            10            10
511   10  10  10  10           10           10            10            10
512   10  10  10  10           10           10            10            10
513   10  10  10  10           10           10            10            10
514   10  10  10  10           10           10            10            10
515   10  10  10  10           10           10            10            10
516   10  10  10  10           10           10            10            10
517   10  10  10  10           10           10            10            10
518   10  10  10  10           10           10            10            10
519   10  10  10  10           10           10            10            10
520   10  10  10  10           10           10            10            10
521   10  10  10  10           10           10            10            10
522   10  10  10  10           10           10            10            10
523   10  10  10  10           10           10            10            10
524   10  10  10  10           10           10            10            10
525   10  10  10  10           10           10            10            10
526  100 100 100 100          100          100           100           100
527  100 100 100 100          100          100           100           100
528  100 100 100 100          100          100           100           100
529  100 100 100 100          100          100           100           100
530  100 100 100 100          100          100           100           100
531  100 100 100 100          100          100           100           100
532  100 100 100 100          100          100           100           100
533  100 100 100 100          100          100           100           100
534  100 100 100 100          100          100           100           100
535  100 100 100 100          100          100           100           100
536  100 100 100 100          100          100           100           100
537  100 100 100 100          100          100           100           100
538  100 100 100 100            1            1             1             1
539    1   1   1   1            1            1             1             1
540    1   1   1   1            1            1             1             1
541    1   1   1   1            1            1             1             1
542    1   1   1   1            1            1             1             1
543    1   1   1   1            1            1             1             1
544    1   1   1   1            1            1             1             1
545    1   1   1   1            1            1             1             1
546    1   1   1   1            1            1             1             1
547    1   1   1   1            1            1             1             1
548    1   1   1   1            1            1             1             1
549    1   1   1   1            1            1             1             1
550    1   1   1   1            1            1             1             1
551   10  10   0   0           10           10             0             0
552   10   0   0  10            0            0             0            10
553   10  10   0  10           10           10            10             0
554    0  10   0   0           10            0            10             0
555    0   0   0   0            0           10             0            10
556    0   0  10  10            0           10            10             0
557    0   0  10   0           10            0            10            10
558    0  10   0   0            0            0             0             0
559   10  10  10   0           10            0             0            10
560    0   0   0   0           10            0             0            10
561    0   0  10   0           10            0            10             0
562   10  10  10   0            0            0            10             0
563    0   0  10  10           10           10             0             0
564   10  10   0   0           10            0             0            10
565    0   0   0  10           10           10             0            10
566   10  10  10   0            0           10             0             0
567   10   0  10   0            0            0             0             0
568    0  10   0  10            0            0            10            10
569    0  10  10   0            0            0            10             0
570   10   0  10  10            0           10             0             0
571    0   0   0   0           10           10            10             0
572   10   0   0  10            0            0             0             0
573   10   0   0  10            0            0            10             0
574   10   0  10   0           10           10            10             0
575    0   0  10   0            0            0            10            10
576  100 100   0   0          100          100             0             0
577  100   0   0 100            0            0             0           100
578  100 100   0 100          100          100           100             0
579    0 100   0   0          100            0           100             0
580    0   0   0   0            0          100             0           100
581    0   0 100 100            0          100           100             0
582    0   0 100   0          100            0           100           100
583    0 100   0   0            0            0             0             0
584  100 100 100   0          100            0             0           100
585    0   0   0   0          100            0             0           100
586    0   0 100   0          100            0           100             0
587  100 100 100   0            0            0           100             0
588    0   0 100 100            1            1             0             0
589    1   1   0   0            1            0             0             1
590    0   0   0   1            1            1             0             1
591    1   1   1   0            0            1             0             0
592    1   0   1   0            0            0             0             0
593    0   1   0   1            0            0             1             1
594    0   1   1   0            0            0             1             0
595    1   0   1   1            0            1             0             0
596    0   0   0   0            1            1             1             0
597    1   0   0   1            0            0             0             0
598    1   0   0   1            0            0             1             0
599    1   0   1   0            1            1             1             0
600    0   0   1   0            0            0             1             1
601   10  10  10  10           10           10            10            10
602   10  10  10  10           10           10            10            10
603   10  10  10  10           10           10            10            10
604   10  10  10  10           10           10            10            10
605   10  10  10  10           10           10            10            10
606   10  10  10  10           10           10            10            10
607   10  10  10  10           10           10            10            10
608   10  10  10  10           10           10            10            10
609   10  10  10  10           10           10            10            10
610   10  10  10  10           10           10            10            10
611   10  10  10  10           10           10            10            10
612   10  10  10  10           10           10            10            10
613   10  10  10  10           10           10            10            10
614   10  10  10  10           10           10            10            10
615   10  10  10  10           10           10            10            10
616   10  10  10  10           10           10            10            10
617   10  10  10  10           10           10            10            10
618   10  10  10  10           10           10            10            10
619   10  10  10  10           10           10            10            10
620   10  10  10  10           10           10            10            10
621   10  10  10  10           10           10            10            10
622   10  10  10  10           10           10            10            10
623   10  10  10  10           10           10            10            10
624   10  10  10  10           10           10            10            10
625   10  10  10  10           10           10            10            10
626  100 100 100 100          100          100           100           100
627  100 100 100 100          100          100           100           100
628  100 100 100 100          100          100           100           100
629  100 100 100 100          100          100           100           100
630  100 100 100 100          100          100           100           100
631  100 100 100 100          100          100           100           100
632  100 100 100 100          100          100           100           100
633  100 100 100 100          100          100           100           100
634  100 100 100 100          100          100           100           100
635  100 100 100 100          100          100           100           100
636  100 100 100 100          100          100           100           100
637  100 100 100 100          100          100           100           100
638  100 100 100 100            1            1             1             1
639    1   1   1   1            1            1             1             1
640    1   1   1   1            1            1             1             1
641    1   1   1   1            1            1             1             1
642    1   1   1   1            1            1             1             1
643    1   1   1   1            1            1             1             1
644    1   1   1   1            1            1             1             1
645    1   1   1   1            1            1             1             1
646    1   1   1   1            1            1             1             1
647    1   1   1   1            1            1             1             1
648    1   1   1   1            1            1             1             1
649    1   1   1   1            1            1             1             1
650    1   1   1   1            1            1             1             1
651   10  10  10  10           10            0            10             0
652   10   0  10   0            0            0            10             0
653   10  10  10   0           10            0             0            10
654    0   0  10  10           10           10            10             0
655   10   0  10   0            0           10            10            10
656    0   0   0  10            0           10             0            10
657    0   0  10   0           10            0             0             0
658   10  10   0  10           10            0            10             0
659    0   0  10   0           10           10            10             0
660   10  10  10   0           10           10             0             0
661   10   0   0   0            0           10             0             0
662    0  10   0  10            0           10            10             0
663   10   0  10  10           10           10            10            10
664   10   0  10   0           10            0            10             0
665    0   0  10   0           10           10            10             0
666   10   0   0  10            0            0            10            10
667   10  10  10   0           10            0            10             0
668    0  10  10  10            0            0             0            10
669    0  10   0  10            0            0            10             0
670   10   0   0   0           10           10             0            10
671   10   0  10   0            0            0            10             0
672   10  10  10   0           10           10            10             0
673   10  10   0   0           10            0             0             0
674    0  10   0   0            0           10             0            10
675    0  10  10   0           10            0            10            10
676  100 100 100 100          100            0           100             0
677  100   0 100   0            0            0           100             0
678  100 100 100   0          100            0             0           100
679    0   0 100 100          100          100           100             0
680  100   0 100   0            0          100           100           100
681    0   0   0 100            0          100             0           100
682    0   0 100   0          100            0             0             0
683  100 100   0 100          100            0           100             0
684    0   0 100   0          100          100           100             0
685  100 100 100   0          100          100             0             0
686  100   0   0   0            0          100             0             0
687    0 100   0 100            0          100           100             0
688  100   0 100 100            1            1             1             1
689    1   0   1   0            1            0             1             0
690    0   0   1   0            1            1             1             0
691    1   0   0   1            0            0             1             1
692    1   1   1   0            1            0             1             0
693    0   1   1   1            0            0             0             1
694    0   1   0   1            0            0             1             0
695    1   0   0   0            1            1             0             1
696    1   0   1   0            0            0             1             0
697    1   1   1   0            1            1             1             0
698    1   1   0   0            1            0             0             0
699    0   1   0   0            0            1             0             1
700    0   1   1   0            1            0             1             1
701   10  10  10  10           10           10            10            10
702   10  10  10  10           10           10            10            10
703   10  10  10  10           10           10            10            10
704   10  10  10  10           10           10            10            10
705   10  10  10  10           10           10            10            10
706   10  10  10  10           10           10            10            10
707   10  10  10  10           10           10            10            10
708   10  10  10  10           10           10            10            10
709   10  10  10  10           10           10            10            10
710   10  10  10  10           10           10            10            10
711   10  10  10  10           10           10            10            10
712   10  10  10  10           10           10            10            10
713   10  10  10  10           10           10            10            10
714   10  10  10  10           10           10            10            10
715   10  10  10  10           10           10            10            10
716   10  10  10  10           10           10            10            10
717   10  10  10  10           10           10            10            10
718   10  10  10  10           10           10            10            10
719   10  10  10  10           10           10            10            10
720   10  10  10  10           10           10            10            10
721   10  10  10  10           10           10            10            10
722   10  10  10  10           10           10            10            10
723   10  10  10  10           10           10            10            10
724   10  10  10  10           10           10            10            10
725   10  10  10  10           10           10            10            10
726  100 100 100 100          100          100           100           100
727  100 100 100 100          100          100           100           100
728  100 100 100 100          100          100           100           100
729  100 100 100 100          100          100           100           100
730  100 100 100 100          100          100           100           100
731  100 100 100 100          100          100           100           100
732  100 100 100 100          100          100           100           100
733  100 100 100 100          100          100           100           100
734  100 100 100 100          100          100           100           100
735  100 100 100 100          100          100           100           100
736  100 100 100 100          100          100           100           100
737  100 100 100 100          100          100           100           100
738  100 100 100 100            1            1             1             1
739    1   1   1   1            1            1             1             1
740    1   1   1   1            1            1             1             1
741    1   1   1   1            1            1             1             1
742    1   1   1   1            1            1             1             1
743    1   1   1   1            1            1             1             1
744    1   1   1   1            1            1             1             1
745    1   1   1   1            1            1             1             1
746    1   1   1   1            1            1             1             1
747    1   1   1   1            1            1             1             1
748    1   1   1   1            1            1             1             1
749    1   1   1   1            1            1             1             1
750    1   1   1   1            1            1             1             1
751    0   0   0  10            0            0             0            10
752    0  10   0   0            0           10            10            10
753   10   0  10  10           10           10            10             0
754    0  10   0   0            0            0            10             0
755    0   0   0  10           10            0             0            10
756    0   0  10  10            0           10             0             0
757    0   0  10   0            0           10            10            10
758    0   0   0   0            0            0            10            10
759    0  10  10   0           10           10             0            10
760    0  10   0  10            0           10             0            10
761   10  10  10   0            0            0            10             0
762    0   0  10  10           10           10             0            10
763    0   0  10   0            0            0             0            10
764    0   0   0  10            0           10             0             0
765    0  10  10  10           10            0            10            10
766   10  10  10   0            0           10             0             0
767    0   0  10   0            0            0             0            10
768   10   0   0  10            0            0            10            10
769    0  10   0   0            0            0            10             0
770    0  10  10  10            0            0             0             0
771    0   0  10  10            0           10            10             0
772   10  10   0  10            0           10             0            10
773    0  10   0  10           10           10            10             0
774    0   0  10   0            0            0            10            10
775   10  10   0  10            0            0            10             0
776    0   0   0 100            0            0             0           100
777    0 100   0   0            0          100           100           100
778  100   0 100 100          100          100           100             0
779    0 100   0   0            0            0           100             0
780    0   0   0 100          100            0             0           100
781    0   0 100 100            0          100             0             0
782    0   0 100   0            0          100           100           100
783    0   0   0   0            0            0           100           100
784    0 100 100   0          100          100             0           100
785    0 100   0 100            0          100             0           100
786  100 100 100   0            0            0           100             0
787    0   0 100 100          100          100             0           100
788    0   0 100   0            0            0             0             1
789    0   0   0   1            0            1             0             0
790    0   1   1   1            1            0             1             1
791    1   1   1   0            0            1             0             0
792    0   0   1   0            0            0             0             1
793    1   0   0   1            0            0             1             1
794    0   1   0   0            0            0             1             0
795    0   1   1   1            0            0             0             0
796    0   0   1   1            0            1             1             0
797    1   1   0   1            0            1             0             1
798    0   1   0   1            1            1             1             0
799    0   0   1   0            0            0             1             1
800    1   1   0   1            0            0             1             0
801   10  10  10  10           10           10            10            10
802   10  10  10  10           10           10            10            10
803   10  10  10  10           10           10            10            10
804   10  10  10  10           10           10            10            10
805   10  10  10  10           10           10            10            10
806   10  10  10  10           10           10            10            10
807   10  10  10  10           10           10            10            10
808   10  10  10  10           10           10            10            10
809   10  10  10  10           10           10            10            10
810   10  10  10  10           10           10            10            10
811   10  10  10  10           10           10            10            10
812   10  10  10  10           10           10            10            10
813   10  10  10  10           10           10            10            10
814   10  10  10  10           10           10            10            10
815   10  10  10  10           10           10            10            10
816   10  10  10  10           10           10            10            10
817   10  10  10  10           10           10            10            10
818   10  10  10  10           10           10            10            10
819   10  10  10  10           10           10            10            10
820   10  10  10  10           10           10            10            10
821   10  10  10  10           10           10            10            10
822   10  10  10  10           10           10            10            10
823   10  10  10  10           10           10            10            10
824   10  10  10  10           10           10            10            10
825   10  10  10  10           10           10            10            10
826  100 100 100 100          100          100           100           100
827  100 100 100 100          100          100           100           100
828  100 100 100 100          100          100           100           100
829  100 100 100 100          100          100           100           100
830  100 100 100 100          100          100           100           100
831  100 100 100 100          100          100           100           100
832  100 100 100 100          100          100           100           100
833  100 100 100 100          100          100           100           100
834  100 100 100 100          100          100           100           100
835  100 100 100 100          100          100           100           100
836  100 100 100 100          100          100           100           100
837  100 100 100 100          100          100           100           100
838  100 100 100 100            1            1             1             1
839    1   1   1   1            1            1             1             1
840    1   1   1   1            1            1             1             1
841    1   1   1   1            1            1             1             1
842    1   1   1   1            1            1             1             1
843    1   1   1   1            1            1             1             1
844    1   1   1   1            1            1             1             1
845    1   1   1   1            1            1             1             1
846    1   1   1   1            1            1             1             1
847    1   1   1   1            1            1             1             1
848    1   1   1   1            1            1             1             1
849    1   1   1   1            1            1             1             1
850    1   1   1   1            1            1             1             1
851   10  10  10   0           10           10             0             0
852   10  10   0   0           10           10             0            10
853   10   0   0  10           10           10            10             0
854    0   0  10  10           10           10            10             0
855   10   0  10  10            0            0             0            10
856    0   0  10   0            0           10            10             0
857   10   0  10   0           10            0             0            10
858   10   0  10   0            0           10             0            10
859   10  10   0   0            0           10             0             0
860   10  10   0  10           10           10             0            10
861    0   0   0  10           10            0            10            10
862    0  10  10   0           10            0            10            10
863    0   0   0  10           10           10            10             0
864   10  10   0   0           10           10             0             0
865   10  10   0  10           10            0             0            10
866   10  10  10   0            0            0            10            10
867   10  10  10   0           10            0            10            10
868    0   0   0  10            0            0            10             0
869    0  10  10   0           10            0            10             0
870   10   0   0  10           10            0            10             0
871    0  10   0  10           10           10             0             0
872    0  10   0   0           10           10             0            10
873   10  10   0  10            0            0             0            10
874   10   0  10  10            0           10            10             0
875   10   0  10  10            0            0             0            10
876  100 100 100   0          100          100             0             0
877  100 100   0   0          100          100             0           100
878  100   0   0 100          100          100           100             0
879    0   0 100 100          100          100           100             0
880  100   0 100 100            0            0             0           100
881    0   0 100   0            0          100           100             0
882  100   0 100   0          100            0             0           100
883  100   0 100   0            0          100             0           100
884  100 100   0   0            0          100             0             0
885  100 100   0 100          100          100             0           100
886    0   0   0 100          100            0           100           100
887    0 100 100   0          100            0           100           100
888    0   0   0 100            1            1             1             0
889    1   1   0   0            1            1             0             0
890    1   1   0   1            1            0             0             1
891    1   1   1   0            0            0             1             1
892    1   1   1   0            1            0             1             1
893    0   0   0   1            0            0             1             0
894    0   1   1   0            1            0             1             0
895    1   0   0   1            1            0             1             0
896    0   1   0   1            1            1             0             0
897    0   1   0   0            1            1             0             1
898    1   1   0   1            0            0             0             1
899    1   0   1   1            0            1             1             0
900    1   0   1   1            0            0             0             1
901   10  10  10  10           10           10            10            10
902   10  10  10  10           10           10            10            10
903   10  10  10  10           10           10            10            10
904   10  10  10  10           10           10            10            10
905   10  10  10  10           10           10            10            10
906   10  10  10  10           10           10            10            10
907   10  10  10  10           10           10            10            10
908   10  10  10  10           10           10            10            10
909   10  10  10  10           10           10            10            10
910   10  10  10  10           10           10            10            10
911   10  10  10  10           10           10            10            10
912   10  10  10  10           10           10            10            10
913   10  10  10  10           10           10            10            10
914   10  10  10  10           10           10            10            10
915   10  10  10  10           10           10            10            10
916   10  10  10  10           10           10            10            10
917   10  10  10  10           10           10            10            10
918   10  10  10  10           10           10            10            10
919   10  10  10  10           10           10            10            10
920   10  10  10  10           10           10            10            10
921   10  10  10  10           10           10            10            10
922   10  10  10  10           10           10            10            10
923   10  10  10  10           10           10            10            10
924   10  10  10  10           10           10            10            10
925   10  10  10  10           10           10            10            10
926  100 100 100 100          100          100           100           100
927  100 100 100 100          100          100           100           100
928  100 100 100 100          100          100           100           100
929  100 100 100 100          100          100           100           100
930  100 100 100 100          100          100           100           100
931  100 100 100 100          100          100           100           100
932  100 100 100 100          100          100           100           100
933  100 100 100 100          100          100           100           100
934  100 100 100 100          100          100           100           100
935  100 100 100 100          100          100           100           100
936  100 100 100 100          100          100           100           100
937  100 100 100 100          100          100           100           100
938  100 100 100 100            1            1             1             1
939    1   1   1   1            1            1             1             1
940    1   1   1   1            1            1             1             1
941    1   1   1   1            1            1             1             1
942    1   1   1   1            1            1             1             1
943    1   1   1   1            1            1             1             1
944    1   1   1   1            1            1             1             1
945    1   1   1   1            1            1             1             1
946    1   1   1   1            1            1             1             1
947    1   1   1   1            1            1             1             1
948    1   1   1   1            1            1             1             1
949    1   1   1   1            1            1             1             1
950    1   1   1   1            1            1             1             1
951   10   0   0  10           10           10            10            10
952    0  10  10   0            0            0             0             0
953   10  10  10   0           10           10            10             0
954   10   0   0  10           10           10            10            10
955    0   0   0   0           10            0            10            10
956    0  10   0   0            0            0             0             0
957   10  10   0  10            0            0            10             0
958   10   0  10  10            0           10            10             0
959   10   0   0   0            0            0            10             0
960    0   0   0  10            0            0             0             0
961   10   0  10  10            0           10            10             0
962    0  10   0   0           10            0            10            10
963    0   0  10  10           10            0             0            10
964   10  10  10  10            0           10            10             0
965    0   0   0   0           10           10            10             0
966   10  10  10   0           10            0             0            10
967   10  10  10  10            0            0             0             0
968   10   0  10  10            0           10             0             0
969    0   0   0   0           10           10             0            10
970    0   0  10   0           10            0            10            10
971    0  10  10   0           10            0             0             0
972    0   0  10   0            0            0             0            10
973    0   0   0   0           10            0            10            10
974    0  10  10   0            0           10             0             0
975   10   0  10  10            0            0            10            10
976  100   0   0 100          100          100           100           100
977    0 100 100   0            0            0             0             0
978  100 100 100   0          100          100           100             0
979  100   0   0 100          100          100           100           100
980    0   0   0   0          100            0           100           100
981    0 100   0   0            0            0             0             0
982  100 100   0 100            0            0           100             0
983  100   0 100 100            0          100           100             0
984  100   0   0   0            0            0           100             0
985    0   0   0 100            0            0             0             0
986  100   0 100 100            0          100           100             0
987    0 100   0   0          100            0           100           100
988    0   0 100 100            1            0             0             1
989    1   1   1   1            0            1             1             0
990    0   0   0   0            1            1             1             0
991    1   1   1   0            1            0             0             1
992    1   1   1   1            0            0             0             0
993    1   0   1   1            0            1             0             0
994    0   0   0   0            1            1             0             1
995    0   0   1   0            1            0             1             1
996    0   1   1   0            1            0             0             0
997    0   0   1   0            0            0             0             1
998    0   0   0   0            1            0             1             1
999    0   1   1   0            0            1             0             0
1000   1   0   1   1            0            0             1             1
